30 3
0.0 Lily (267.0,717.7838) (0.0,0.0) 0
0.0 Duck (534.0,-117.35132) (-34.649998,103.29725) 3
0.0 Shark (-112.5,155.08105) (119.7,28.378368) 0
1.82 Shark (-124.5,168.05408) (116.549995,26.108068) 0
3.83 Shark (-126.0,163.18921) (115.5,23.837854) 0
7.71 Shark (-144.0,443.72974) (116.549995,12.486481) 0
9.72 Shark (-141.0,434.0) (114.45,14.756781) 0
11.86 Shark (-127.5,438.86487) (114.45,13.621631) 0
8.19 Duck (-115.5,-110.86487) (91.35,104.43244) 4
8.19 Duck (694.5,-81.67566) (-109.2,95.351326) 4
16.02 Shark (717.0,557.24316) (-121.799995,-4.5404296) 0
18.02 Shark (730.5,558.86487) (-126.0,-6.8108153) 0
20.1 Shark (735.0,571.8379) (-127.049995,-9.081116) 0
22.25 Shark (726.0,597.7838) (-124.95,-15.891931) 0
24.32 Shark (735.0,622.10815) (-129.15,-24.973047) 0
19.06 Duck (33.0,-138.43237) (76.65,107.83777) 5
19.2 Duck (672.0,119.405396) (-42.0,64.70274) 3
20.1 Duck (208.5,-102.756714) (53.55,79.4594) 1

