30 3
0.0 Lily (69.0,678.86487) (0.0,0.0) 0
0.0 Lily (487.5,43.18921) (0.0,0.0) 0
0.0 Duck (-142.5,232.91895) (75.6,3.4054077) 3
0.0 Shark (297.0,883.1892) (1.05,-85.13511) 0
1.2 Shark (-156.0,518.32434) (60.000004,0.0) 0
8.88 Duck (75.0,-146.54053) (0.0,139.62163) 3
8.88 Shark (699.0,537.7838) (-128.09999,-3.4054077) 0
9.3 Shark (337.5,-127.081055) (-4.2,107.83785) 0
17.4 Duck (723.0,393.45947) (-151.2,9.081073) 3
21.76 Duck (258.0,894.5405) (1.05,-128.27022) 3
21.76 Duck (271.5,-130.32434) (-2.1,112.378365) 3
