30 3
0.0 Lily (439.5,705.08105) (0.0,0.0) 0
0.0 Lily (66.0,698.5946) (0.0,0.0) 0
0.0 Duck (-141.0,437.51355) (200.0,0.0) 4
0.0 Duck (679.5,249.4054) (-150.15,1.1351074) 3
3.62 Duck (498.0,-121.94592) (5.25,104.43244) 3
7.02 Duck (-111.0,426.16217) (109.2,0.0) 3
7.02 Duck (-115.5,80.756714) (102.9,4.5406003) 4
15.32 Shark (223.5,888.32434) (9.45,-163.45949) 0
15.32 Duck (-67.5,-164.10815) (95.549995,122.59459) 4
15.46 Duck (588.0,-110.594604) (-43.05,76.05408) 4
22.32 Duck (264.0,-115.45947) (5.25,156.64867) 6
