30 3
0.0 Lily (237.0,93.72974) (0.0,0.0) 0
0.0 Duck (643.5,380.75677) (-199.66682,-11.539473) 4
0.0 Duck (-145.5,367.7838) (199.93341,-5.159945) 4
3.42 Duck (648.0,633.72974) (-173.40523,-99.65253) 4
3.42 Duck (-117.0,641.8379) (166.77097,-110.39677) 4
3.35 Duck (240.0,875.3513) (-6.645378,-199.88957) 2
10.13 Shark (-138.0,309.4054) (198.88605,-21.079594) 0
11.03 Shark (-199.5,432.64868) (196.84583,-35.37972) 0
10.48 Duck (-160.5,638.5946) (182.946,-80.81312) 7
14.15 Duck (-117.0,166.70276) (187.80862,68.759895) 7
21.28 Shark (-136.5,568.86487) (144.80432,-137.95544) 0
21.28 Duck (-120.0,792.6487) (163.41599,-115.30489) 6
