30 3
0.0 Shark (-156.0,339.94592) (118.65,3.4054077) 0
2.03 Shark (-159.0,348.05408) (120.75,2.2703001) 0
4.04 Shark (-163.5,359.4054) (120.75,-2.2703001) 0
5.84 Shark (-181.5,367.51355) (121.799995,-1.1351929) 0
7.64 Shark (-180.0,374.0) (112.35,-3.4054077) 0
0.0 Lily (511.5,35.081055) (0.0,0.0) 0
0.0 Lily (37.5,716.1621) (0.0,0.0) 0
0.78 Duck (-127.5,526.4324) (165.9,-7.945923) 4
1.75 Duck (-141.0,30.216187) (138.59999,79.45948) 4
8.19 Duck (-136.5,59.405396) (112.35,74.91897) 3
8.19 Shark (6.0,-128.70264) (95.549995,93.08103) 0
8.19 Shark (673.5,706.4324) (-129.15,-27.243176) 0
10.75 Shark (700.5,691.8379) (-152.25,-30.648668) 0
13.04 Shark (709.5,721.0271) (-191.09999,-51.081116) 0
11.65 Duck (12.0,-122.21619) (5.25,165.72969) 3
11.65 Shark (196.5,-128.70264) (92.4,112.378365) 0
13.66 Shark (220.5,-151.4054) (87.15,113.51347) 0
15.81 Shark (261.0,-130.32434) (77.7,115.783775) 0
21.62 Duck (-132.0,398.32434) (128.09999,6.8108153) 2
21.62 Duck (672.0,430.75677) (-134.4,-4.540558) 2
21.35 Shark (690.0,255.62158) (-86.1,-38.594593) 0
23.22 Shark (688.5,278.32434) (-86.1,-45.405407) 0
23.22 Shark (-112.5,511.8379) (95.549995,43.135105) 0
25.22 Shark (-115.5,521.5676) (94.5,39.7297) 0

