30 3
0.0 Lily (256.5,734.0) (0.0,0.0) 0
0.0 Duck (-142.5,785.89185) (74.549995,-162.3243) 4
0.0 Shark (4.5,902.6487) (67.2,-156.64867) 0
0.0 Duck (613.5,-99.51355) (-24.15,113.51356) 4
4.04 Shark (-165.0,614.0) (299.9384,-6.079836) 0
6.53 Duck (673.5,38.32434) (-59.85,42.0) 4
6.53 Shark (10.5,-128.70264) (48.3,69.24317) 0
16.71 Shark (-138.0,469.67566) (137.55,6.8108153) 0
17.54 Duck (-148.5,18.864868) (97.65,113.51347) 5
17.54 Duck (688.5,-104.37842) (-109.2,145.29733) 4
19.62 Shark (255.0,-117.35132) (-22.05,165.72969) 0

