30 3
0.0 Lily (288.0,74.0) (0.0,0.0) 0
0.0 Duck (225.0,886.4324) (-1.05,-115.78369) 6
1.55 Duck (-154.5,339.94592) (143.84999,28.378412) 2
1.55 Duck (495.0,-106.0) (2.1,138.48653) 1
5.49 Shark (-142.5,215.08105) (198.45,-10.216223) 0
10.62 Shark (-198.0,226.4325) (154.34999,1.1351074) 0
10.55 Shark (682.5,239.4054) (-141.75,-14.756738) 0
9.16 Duck (-160.5,422.64868) (113.4,-4.540558) 4
9.16 Duck (690.0,450.21625) (-129.15,-13.621631) 3
22.66 Duck (-162.0,704.8108) (158.55,-138.48653) 4
22.66 Duck (729.0,716.1621) (-156.45,-144.16206) 4
24.12 Duck (283.5,878.32434) (4.800423,-299.9616) 8

