30 3
0.0 Lily (265.5,365.89185) (0.0,0.0) 0
0.0 Shark (-151.5,265.35132) (135.45,-1.1351074) 0
0.0 Shark (675.0,446.97296) (-143.84999,4.540558) 0
0.0 Duck (267.0,-172.0) (0.0,132.47029) 4
0.0 Duck (262.5,909.13513) (1.05,-137.35133) 4
0.0 Shark (426.0,-172.0) (-3.1499999,171.0649) 0
0.0 Shark (96.0,901.0271) (7.35,-174.8108) 0
7.98 Duck (-7.5,894.5405) (73.5,-94.216225) 3
7.98 Duck (546.0,-153.02698) (-77.7,101.02704) 3
8.75 Shark (-121.5,356.1621) (119.7,51.081116) 0
7.85 Shark (706.5,370.75677) (-109.2,-36.324333) 0
17.47 Duck (-171.0,-172.0) (106.049995,133.60541) 3
17.82 Shark (-151.5,252.37842) (100.799995,0.0) 0
18.99 Shark (-145.5,245.89185) (102.9,0.0) 0
20.45 Shark (-151.5,252.37842) (97.65,-1.1351929) 0
21.62 Shark (-151.5,266.97302) (99.75,-2.2703001) 0

